### Base:shuttle-landing-control-pn
Average WRAcc: 0.01333333333333333
Average Qg: 1.3333333333333333
Time(s): 0.0
Average size: 1.6666666666666667
Coverage of all k DPs in relation to D+: 100.0%
Number of individuals generated: 3
TP: 7.0
FP: 4.333333333333333
Chi_Quad: 1.3243006993006994
p_value: 0.5124536636551662
conf: 0.6125874125874126
cov: 0.7555555555555555
Lift: 1.020979020979021
supp: 0.4666666666666666
suppP: 0.7777777777777777
suppN: 0.7222222222222222
DiffSupp: 0.05555555555555547
Similarity: 0.5111111111111111
CR: 0.17254901960784313
H: 1.3397942802855756

### Top-3 DPs:
{STABILITY = 1,SIGN = 1} -> 0.08(9p,4n)
{ERROR = 3} -> 0.0(6p,4n)
{WIND = 2,VISIBILITY = 1} -> -0.04000000000000001(6p,5n)
