### Base:spect-test-pn
Average WRAcc: -0.01233950070062056
Average Qg: 8.86875
Time(s): 0.005
Average size: 1.0
Coverage of all k DPs in relation to D+: 95.93023255813954%
Number of individuals generated: 2
TP: 137.5
FP: 14.5
Chi_Quad: 2.6056616187615735
p_value: 0.11000799643798564
conf: 0.9045864400901682
cov: 0.8128342245989305
Lift: 0.983474792423613
supp: 0.7352941176470589
suppP: 0.7994186046511629
suppN: 0.9666666666666667
DiffSupp: -0.1672480620155038
Similarity: 0.34444444444444444
CR: 0.30537573881227187
H: 0.957122108890714

### Top-2 DPs:
{F15 = 0} -> -0.012239412050673503(132p,14n)
{F18 = 0} -> -0.012439589350567616(143p,15n)
