### Base:splice-pn
Average WRAcc: -0.0013679110857794132
Average Qg: 1.054245283018868
Time(s): 0.394
Average size: 1.0
Coverage of all k DPs in relation to D+: 27.00906344410876%
Number of individuals generated: 1
TP: 447.0
FP: 423.0
Chi_Quad: 0.12054675890844922
p_value: 0.7284422403856041
conf: 0.5137931034482759
cov: 0.2727272727272727
Lift: 0.990332326283988
supp: 0.14012539184952977
suppP: 0.2700906344410876
suppN: 0.2755700325732899
DiffSupp: -0.005479398132202273
Similarity: 0.0
CR: 1.454545454545449
H: 0.5859526183035508

### Top-1 DPs:
{attribute_58 = C} -> -0.0013679110857794132(447p,423n)
