### Base:lung-cancer-pn
Average WRAcc: 0.020507812499999993
Average Qg: 0.7142857142857143
Time(s): 0.001
Average size: 1.0
Coverage of all k DPs in relation to D+: 76.92307692307693%
Number of individuals generated: 1
TP: 10.0
FP: 13.0
Chi_Quad: 0.2760077451152966
p_value: 0.5993299015645319
conf: 0.43478260869565216
cov: 0.71875
Lift: 1.0702341137123745
supp: 0.3125
suppP: 0.7692307692307693
suppN: 0.6842105263157895
DiffSupp: 0.08502024291497978
Similarity: 0.0
CR: 0.5625000000000001
H: 0.5941300227248385

### Top-1 DPs:
{attribute57 = 2} -> 0.020507812499999993(10p,13n)
