### Base:solar-flare-2-pn
Average WRAcc: 0.21409223869984406
Average Qg: 331.0
Time(s): 0.033
Average size: 1.0
Coverage of all k DPs in relation to D+: 100.0%
Number of individuals generated: 1
TP: 331.0
FP: 0.0
Chi_Quad: 1066.0
p_value: 0.0
conf: 1.0
cov: 0.31050656660412757
Lift: 3.220543806646526
supp: 0.31050656660412757
suppP: 1.0
suppN: 0.0
DiffSupp: 1.0
Similarity: 0.0
CR: 1.3789868667917462
H: 0.61950537848635

### Top-1 DPs:
{spot_distribution = X} -> 0.21409223869984406(331p,0n)
