### Base:mushroom-pn
Average WRAcc: 0.11361497316782714
Average Qg: 138.85616308539946
Time(s): 6.09
Average size: 1.0
Coverage of all k DPs in relation to D+: 100.0%
Number of individuals generated: 3
TP: 2181.3333333333335
FP: 248.0
Chi_Quad: 2477.2828506975657
p_value: 0.0
conf: 0.9270507571116914
cov: 0.29903167569341865
Lift: 1.7897719464770396
supp: 0.26850484162153293
suppP: 0.5183776932826363
suppN: 0.06332992849846783
DiffSupp: 0.4550477647841684
Similarity: 0.17530690437094376
CR: 0.8005908419497675
H: 1.4272218121137255

### Top-3 DPs:
{odor = n} -> 0.19455893037534175(3408p,120n)
{bruises? = t} -> 0.12350177371373935(2752p,624n)
{population = a} -> 0.022784215414400285(384p,0n)
