### Base:spect-test-pn
Average WRAcc: -0.01798736023334954
Average Qg: 6.1190476190476195
Time(s): 0.02
Average size: 5.0
Coverage of all k DPs in relation to D+: 35.46511627906977%
Number of individuals generated: 3
TP: 38.333333333333336
FP: 7.0
Chi_Quad: 6.988469264402106
p_value: 0.12969195585633317
conf: 0.8911269760326365
cov: 0.24242424242424243
Lift: 0.9688415378959476
supp: 0.20499108734402852
suppP: 0.2228682170542636
suppN: 0.4666666666666666
DiffSupp: -0.24379844961240302
Similarity: 0.33588305286418496
CR: 1.2085561497326203
H: 1.0364072275758924

### Top-3 DPs:
{F2 = 0,F4 = 0,F10 = 0,F17 = 0,F18 = 0,F20 = 1} -> 0.0038605622122451304(9p,0n)
{F2 = 0,F9 = 0,F10 = 0,F17 = 0,F18 = 0} -> -0.02004632674654694(45p,8n)
{F2 = 0,F10 = 0,F17 = 0,F18 = 0} -> -0.0377763161657468(61p,13n)
