### Base:shuttle-landing-control-pn
Average WRAcc: 0.08000000000000002
Average Qg: 2.2666666666666666
Time(s): 0.016
Average size: 3.0
Coverage of all k DPs in relation to D+: 100.0%
Number of individuals generated: 3
TP: 6.0
FP: 2.0
Chi_Quad: 2.5228937728937733
p_value: 0.12718401311304459
conf: 0.8141025641025642
cov: 0.5333333333333333
Lift: 1.3568376068376067
supp: 0.4000000000000001
suppP: 0.6666666666666666
suppN: 0.3333333333333333
DiffSupp: 0.3333333333333333
Similarity: 0.4070512820512821
CR: 0.5166666666666666
H: 1.3229495110045286

### Top-3 DPs:
{STABILITY = 1,ERROR = 3,SIGN = 1,MAGNITUDE = 1} -> 0.08000000000000002(3p,0n)
{STABILITY = 1,ERROR = 3,SIGN = 1} -> 0.08000000000000002(6p,2n)
{STABILITY = 1,SIGN = 1} -> 0.08(9p,4n)
