### Base:nursery-pn
Average WRAcc: 0.11111111111111112
Average Qg: 2160.166628095348
Time(s): 17.162
Average size: 1.3333333333333333
Coverage of all k DPs in relation to D+: 100.0%
Number of individuals generated: 3
TP: 2880.0
FP: 1440.0
Chi_Quad: 6048.0
p_value: 0.3333333333333333
conf: 0.7777777777777778
cov: 0.3333333333333333
Lift: 2.3333333333333335
supp: 0.2222222222222222
suppP: 0.6666666666666666
suppN: 0.16666666666666666
DiffSupp: 0.5
Similarity: 0.3611111111111111
CR: 0.6666666666666666
H: 1.3296613488547582

### Top-3 DPs:
{health = not_recom} -> 0.22222222222222224(4320p,0n)
{finance = convenient,health = not_recom} -> 0.11111111111111112(2160p,0n)
{finance = convenient} -> 0.0(2160p,4320n)
