### Base:monks-problems-1-train-pn
Average WRAcc: 0.03494623655913978
Average Qg: 4.3809523809523805
Time(s): 0.003
Average size: 2.0
Coverage of all k DPs in relation to D+: 64.51612903225806%
Number of individuals generated: 3
TP: 18.666666666666668
FP: 10.0
Chi_Quad: 6.621442995911605
p_value: 0.1244177298463522
conf: 0.7948260481712756
cov: 0.23118279569892472
Lift: 1.5896520963425511
supp: 0.15053763440860216
suppP: 0.3010752688172043
suppN: 0.16129032258064516
DiffSupp: 0.13978494623655915
Similarity: 0.2105345062001409
CR: 0.9032258064516125
H: 1.2234509966123996

### Top-3 DPs:
{attr1 = 1,attr2 = 3} -> 0.05241935483870967(16p,3n)
{attr1 = 1,attr2 = 3,attr5 = 4} -> 0.03225806451612903(8p,0n)
{attr3 = 2} -> 0.020161290322580645(32p,27n)
