### Base:breast-cancer-pn
Average WRAcc: 0.03879977831026782
Average Qg: 11.4
Time(s): 0.009
Average size: 1.6666666666666667
Coverage of all k DPs in relation to D+: 87.56218905472637%
Number of individuals generated: 3
TP: 95.66666666666667
FP: 24.666666666666668
Chi_Quad: 14.376266314466108
p_value: 0.0012439571523706523
conf: 0.8576365663322184
cov: 0.42074592074592077
Lift: 1.2203186963732064
supp: 0.3344988344988345
suppP: 0.47595356550580425
suppN: 0.2901960784313726
DiffSupp: 0.18575748707443168
Similarity: 0.22346851784191937
CR: 0.552873719078705
H: 1.3391326187592294

### Top-3 DPs:
{node-caps = no} -> 0.050198053694557196(176p,54n)
{node-caps = no,deg-malig = 2} -> 0.03814367450731087(84p,20n)
{tumor-size = 10-14,node-caps = no} -> 0.028057606728935397(27p,0n)
