### Base:car-pn
Average WRAcc: 0.037594307270233183
Average Qg: 256.58692185007976
Time(s): 0.308
Average size: 1.3333333333333333
Coverage of all k DPs in relation to D+: 62.14876033057851%
Number of individuals generated: 3
TP: 378.6666666666667
FP: 69.33333333333333
Chi_Quad: 159.27854749672932
p_value: 2.7669067732993824E-5
conf: 0.8796296296296297
cov: 0.25925925925925924
Lift: 1.256198347107438
supp: 0.2191358024691358
suppP: 0.31294765840220384
suppN: 0.13384813384813385
DiffSupp: 0.17909952455407
Similarity: 0.2888888888888889
CR: 0.888888888888886
H: 1.2730283365896258

### Top-3 DPs:
{persons = 2} -> 0.09992283950617283(576p,0n)
{persons = 2,lug_boot = big} -> 0.03330761316872428(192p,0n)
{lug_boot = big} -> -0.020447530864197556(368p,208n)
