### Base:bridges-version2-pn
Average WRAcc: 0.15746031746031747
Average Qg: 2.3529411764705883
Time(s): 0.0
Average size: 2.0
Coverage of all k DPs in relation to D+: 90.9090909090909%
Number of individuals generated: 1
TP: 40.0
FP: 16.0
Chi_Quad: 42.96572280178838
p_value: 5.5707438662011555E-11
conf: 0.7142857142857143
cov: 0.5333333333333333
Lift: 1.7045454545454544
supp: 0.38095238095238093
suppP: 0.9090909090909091
suppN: 0.26229508196721313
DiffSupp: 0.646795827123696
Similarity: 0.0
CR: 0.9333333333333332
H: 0.6909233093138181

### Top-1 DPs:
{LANES = 2,CLEAR-G = G} -> 0.15746031746031747(40p,16n)
